BFLA01	BFLA02	BFLA03	BFLA04	BFLA05	BFLA06	BFLA07	BFLA08	BFLA09	BFLA10	BFLA11
RT	Area
15.664	4811591.6	15.632	1780689	15.665	4933540.8	15.664	4811591.6	15.669	5316856	15.657	3924098.5	15.668	5202620.2	15.655	3769254.6	15.63	1646968.4	15.666	4934373.5	15.649	3203383
16.356	8366307.6	16.298	2071191.1	16.309	2779186.5	16.356	8366307.6	16.317	3473492.6	16.335	5426009.4	16.344	6470731.9	16.302	2276740.7	16.33	4987082.1	16.321	3910053.6	16.319	3737324.6
16.597	171611.7	16.583	132572.7	16.587	225570.8	16.597	171611.7	16.588	174382.4	16.591	183148.4	16.594	171502.6	16.584	137749.5	16.589	98269.7	16.589	147001	16.588	179680.3
17.356	14585.4	16.903	198362	16.945	587301	16.938	441547.5	16.942	588349.7	16.927	438148.7	16.935	520348.1	16.91	263365.4	16.931	469038.8	16.943	661709.1	16.945	589223
17.498	16273.8	17.112	404369.3	17.174	1617552.6	17.178	1578425.9	17.161	1303916.5	17.151	1123568.2	17.143	860502.9	17.137	935523.2	17.145	1009559.6	17.162	1319780.1	17.161	1151952.6
17.656	64971.7	17.17	1025784.3	17.354	6636.8	17.356	14585.4	17.355	12306.3	17.354	3283	17.355	6734.4	17.352	6411.8	17.354	5773.1	17.355	6164.7	17.355	4516.8
18.141	128159.4	17.376	1217844.5	17.505	14220.1	17.498	16273.8	17.501	22301.4	17.499	34042.9	17.498	22524.8	17.496	12898.3	17.497	18443.9	17.499	20762.2	17.497	13481.2
18.196	789337.2	17.496	49801.6	17.655	80819.4	17.656	64971.7	17.655	91146.4	17.654	80836.6	17.656	74415.6	17.653	55322.2	17.653	34400.8	17.655	76921.9	17.655	36902.7
18.28	683253.9	17.655	82493.4	18.14	248825.7	18.141	128159.4	18.137	103705.9	18.136	82433.5	18.14	32829.4	18.134	71168.3	18.134	22636.1	18.134	41997.8	18.14	41693.9
18.402	1283648.4	18.132	7048.2	18.191	296958.7	18.196	789337.2	18.19	276433.9	18.188	229018.6	18.197	339851.1	18.186	195425.7	18.188	197805.3	18.187	165658.8	18.197	866624.6
18.462	1111879	18.213	283697.9	18.215	196263.6	18.28	683253.9	18.213	162239.4	18.212	167505	18.222	460484.6	18.212	173853.2	18.214	202248	18.212	135590.5	18.282	719406.8
18.95	7873413.2	18.265	124280	18.272	332440.3	18.402	1283648.4	18.272	303851	18.269	260158.1	18.278	525591.7	18.268	230754.8	18.269	257643.1	18.268	223058.5	18.398	948185.6
19.143	352240	18.373	98049.2	18.396	1230294.4	18.462	1111879	18.393	1001016	18.395	1222535	18.388	514879.7	18.385	637108.2	18.379	345924.7	18.385	623861.3	18.463	1217414.5
19.295	11929200.4	18.439	188398.7	18.45	571086.6	18.95	7873413.2	18.45	469277.3	18.447	402518.2	18.455	846513.8	18.444	363537.4	18.444	363038.3	18.444	336537.9	18.944	6058986.5
19.585	20019222	18.894	2328888.1	18.928	7209868.5	19.143	352240	18.926	5379003.8	18.929	6384947.7	18.933	5363263.2	18.921	5504901.7	18.919	4072297.9	18.919	4498382.9	19.139	328946.6
19.799	1038573.1	19.052	5491268.7	19.1	553864.9	19.295	11929200.4	19.09	449460.1	19.075	445466.4	19.111	351769.7	19.077	396459.4	19.073	287954.9	19.074	371165.4	19.294	11836558.3
20.002	5144407.3	19.251	4867951.5	19.252	5545078.1	19.585	20019222	19.254	5910784.8	19.241	4323656.2	19.276	8948253.1	19.242	4619578.2	19.251	5772589.8	19.241	4714978.7	19.583	19621993
20.166	3429716.1	19.5	6050193	19.517	8322400.8	19.799	1038573.1	19.521	9145176.5	19.5	6512549.5	19.554	14446304.3	19.505	7356891.4	19.524	9841662.6	19.506	7339454.9	19.776	811945.4
20.233	5935350.2	19.717	102338.9	19.805	1268400	20.002	5144407.3	19.786	1096368.4	19.783	1019483.6	19.774	870645.9	19.758	555148.9	19.728	233847.6	19.773	820410.2	19.965	1563255.1
20.775	123654.5	19.781	29930.7	19.989	4675614.9	20.166	3429716.1	19.968	2485862.9	19.963	2397438.3	19.956	1195196.3	19.96	2002558.7	19.947	928485.1	19.959	1889455.1	20.106	1794451.2
20.929	41761.6	19.936	497691.9	20.135	2290381	20.233	5935350.2	20.119	2240333.7	20.107	1823605.9	20.107	2034323.3	20.075	1199775	20.036	627101.7	20.102	1688692.2	20.201	3139199.7
20.976	81760	20.03	431298.7	20.213	4496388.3	20.775	123654.5	20.194	2804089.2	20.2	3627969.3	20.188	2257071	20.192	2923351.2	20.17	1374800	20.202	3880524	20.71	10128.2
21.412	335688.5	20.094	1131294.5	20.77	106686.1	20.929	41761.6	20.767	63952.4	20.766	70663	20.709	14116	20.705	11437.6	20.699	9177.9	20.709	12457.1	20.769	30254.3
21.61	2300339.9	20.165	1053789.6	20.925	30809.7	20.976	81760	20.922	28688.4	20.92	24362.2	20.767	25237.3	20.765	45721.3	20.762	22560.2	20.767	40033.2	20.924	38508.5
21.808	2053630.6	20.691	38458.6	20.973	49663.5	21.412	335688.5	20.972	30763.2	20.971	39050.3	20.923	33512.5	20.919	27146.2	20.916	16629.2	20.92	19224.2	20.973	38225.8
22.352	66749	20.73	39819	21.41	302396	21.61	2300339.9	21.408	246275	21.407	232804.6	20.972	27699.3	20.97	33692.3	20.969	16419.2	20.971	51342.1	21.408	178394.7
22.534	48926.3	20.918	78340.5	21.603	1821670.7	21.808	2053630.6	21.55	260879.9	21.55	360248.8	21.407	164687.8	21.403	142807.7	21.401	64625.5	21.406	197419.9	21.548	131733.9
23.056	216350.8	20.968	16690.4	21.798	1406985.8	22.352	66749	21.591	846666	21.592	916091.1	21.584	531263.5	21.587	803635.4	21.58	404661.8	21.591	1008881.8	21.587	582507.5
23.115	615341	21.401	35074.3	22.351	39306.4	22.534	48926.3	21.787	905003.3	21.79	1051654.8	21.784	731024.7	21.783	769638.7	21.777	472383	21.796	1411989.5	21.793	1119348.1
23.292	909900.6	21.58	405757.5	22.533	43041.4	23.056	216350.8	22.349	66382.2	22.349	57230.6	22.349	30417.9	22.347	27332.8	22.345	28012	22.349	64185.8	22.35	34111
23.827	2329071.3	21.777	506833.6	23.055	227393.9	23.115	615341	22.533	28560.2	22.532	32268.3	22.533	25290.1	22.531	20842.5	22.532	15156.7	22.532	45454.2	22.534	38109.7
24.464	100636.2	22.348	18642.6	23.113	554945.9	23.292	909900.6	23.054	211473.8	23.054	267515.8	23.052	59736.5	23.049	47364.6	23.049	23691.7	23.051	92494.6	23.054	103776.3
24.531	365204.9	22.53	15570.6	23.291	891056	23.827	2329071.3	23.11	418427.6	23.108	368309.5	23.106	203125.8	23.103	152613.5	23.104	162127	23.109	408909.7	23.109	299318.3
24.681	423391.6	23.05	16479	23.813	1468432.9	24.464	100636.2	23.285	632262.8	23.286	680615.6	23.156	43181	23.153	45941.6	23.157	43212.3	23.289	840578.2	23.291	820093.5
25.161	1439333.2	23.106	243799.2	24.465	135922.3	24.531	365204.9	23.814	1517543.5	23.819	1891517.1	23.283	475015	23.278	373097.6	23.277	320429	23.811	1333906.8	23.812	1237009.3
25.437	107442.1	23.156	33066.8	24.532	458067.8	24.681	423391.6	24.464	107778.9	24.463	138366.9	23.811	1269192.5	23.806	1111517.8	23.8	761227.8	24.463	66057.1	24.464	66587.5
25.674	160064.7	23.276	260366.8	24.678	320239.1	25.063	4363.4	24.53	329686.8	24.529	293339.3	24.463	39550.1	24.459	28035.3	24.461	14287.3	24.53	345559.8	24.53	257019.2
25.791	45680	23.792	427915.1	25.157	1430638.2	25.161	1439333.2	24.674	175692	24.676	268536.4	24.527	195680.6	24.524	121387.5	24.525	137600.6	24.676	266004.9	24.677	251451.3
25.852	171016	24.462	20067.8	25.435	129909.5	25.437	107442.1	25.057	11912.5	25.06	17110.9	24.674	141896.8	24.673	173843	24.672	104957.3	25.151	872766.7	25.15	735516.7
26.402	171400.7	24.527	236836.5	25.672	123870	25.674	160064.7	25.156	1155635.9	25.152	942976.4	25.154	996641.2	25.057	5415.7	25.144	562281.1	25.434	41878.3	25.436	68397.1
26.686	62918.2	24.67	90372.4	25.793	58563.3	25.791	45680	25.435	75428	25.435	131384.8	25.436	62102.5	25.147	757485.1	25.433	31588.5	25.671	96755.3	25.674	132354.6
26.913	69946.6	25.082	41214.8	25.852	184640.9	25.852	171016	25.672	129279.2	25.672	123596.8	25.673	112820.9	25.434	79474.7	25.671	62306.6	25.789	32169.5	25.794	35769.6
27.45	76836.2	25.141	579456.2	26.401	148114.5	26.402	171400.7	25.794	41435.8	25.792	50757.5	25.794	17701.3	25.671	78643.4	25.793	6269.7	25.851	162422.4	25.851	112576.6
27.574	441473	25.432	28595.8	26.685	76887.3	26.686	62918.2	25.849	99881.4	25.849	108587	25.851	75250	25.789	16444.4	25.849	56883.2	26.401	125320.7	26.402	93416.5
27.651	574409.7	25.67	48918.3	26.911	44761.2	26.913	69946.6	26.402	158896.1	26.401	158720.7	26.403	141595.8	25.849	72180.3	26.4	73437.9	26.685	29021.8	26.686	33234.5
28.991	308319.6	25.791	1492	27.448	41473.3	27.45	76836.2	26.685	50120.7	26.686	81210.3	26.687	47254.1	26.4	99823.6	26.685	22382	26.912	47223.6	26.914	58106.1
29.101	163362	25.849	54523	27.567	228990.2	27.574	441473	26.912	57760.9	26.912	46373.1	26.914	65674.6	26.685	55449.9	26.912	30974.5	27.453	30893.3	27.456	18852.3
29.458	67692.5	26.398	52463.6	27.644	358262.6	27.651	574409.7	27.45	42196.2	27.45	68511.5	27.453	46302.1	26.912	42702.6	27.453	17247.7	27.573	453536.8	27.574	450053.3
29.552	109922.3	26.684	17971.9	28.988	255331.3	28.991	308319.6	27.568	269296.9	27.567	211501.3	27.573	374750.7	27.45	38305.7	27.567	249468.9	27.65	515501.6	27.644	244029.7
31.47	52237.6	26.911	22039.6	29.1	136390.8	29.101	163362	27.647	457865.1	27.65	554558.9	27.649	432909.8	27.565	146554.6	27.643	311984.9	28.99	306838	28.992	300963
		27.451	6055.1	29.459	69742.5	29.458	67692.5	28.988	241745.7	28.992	334786.1	28.989	260274.1	27.646	441324.4	28.985	151481.6	29.1	139890	29.1	105883.5
		27.565	162820.6	29.553	151274.2	29.552	109922.3	29.099	141564.9	29.105	209766.8	29.103	156940.1	28.99	310599.5	29.098	76292	29.457	43276.3	29.461	73302.3
		27.639	203617.4	31.472	88036.2	31.47	52237.6	29.458	42828.8	29.461	59606.1	29.458	49576.8	29.102	182440	29.458	28007	29.55	59990.4	29.554	72128.4
		28.98	78912.2					29.552	91850.7	29.554	150192	29.552	67203.3	29.455	38079.9	29.549	35312.7	31.468	29655.1	31.471	47030.8
		29.098	46990.3					31.471	40894.4	31.475	129320.9	31.473	42806.5	29.553	119258.9	31.469	17135.6				
		29.453	13679.3											31.473	98089.3						
		29.546	18200.3																		
		31.465	8202.9																		
